0.5590688801286003	0.4879423140945189	0.6703389332179943	-0.19079574069541477	0.8625078255672073	-0.4686973822924724	-0.806869861008726	0.13413630735715762	0.5752985993763112
0.8608986061991922	0.2992675561103728	-0.41145172220324094	0.4861924662544725	-0.24564039988935685	0.8386165272039363	0.1499015530329213	-0.9220085269681196	-0.35697310906621044
0.04740018797868999	0.9448669863518511	-0.3240055559430363	-0.7314400017757707	-0.1880704897156425	-0.6554578664570125	-0.6802563825366472	0.2680594504965075	0.6821989336092993
-0.04012928687109818	-0.5718541349955105	-0.8193732291353885	0.3814240447322823	-0.7667023511756905	0.5164137902900485	0.9235287426145886	0.2918053340674304	-0.2488861357619429
-0.16653751256434873	-0.43144271092267367	-0.8866354629161715	-0.4828635053582198	-0.7483127288283459	0.4548306223932675	-0.8597139594667821	0.5038702680900797	-0.08370579927806257
-0.0475731803532782	0.1908671517203573	-0.980462402596465	0.11836006582065069	-0.9735811767833835	-0.19527054829649418	-0.9918304730799542	-0.12533723551778356	0.02372530427105112
-0.09833872376200332	0.7262080953002459	-0.6804052452246745	0.5563192313896294	-0.5267874316702501	-0.6426538061976398	-0.8251293281631145	-0.44172027817913295	-0.3521999256820436
0.7626870438918728	0.616529003741087	0.1954493812359087	-0.111350402124	-0.17251330817263397	0.9786931319112021	-0.6371103209227584	0.7681999388501387	0.06292291255451468
0.6177783586382806	-0.23931753305648457	-0.7490507445894107	0.05000798552150694	-0.9386789339572181	0.34114668447607893	0.7847605373502626	0.24821155758082467	0.5679277433802897
-0.5161286228818891	0.8464841570386796	-0.13067446776077182	0.22313609437541	0.28018418840536286	0.9336525606211963	0.8269350204392926	0.4527266199928434	-0.3334922480672118
-0.31472949238342807	-0.895203391814556	0.31552533005732536	-0.6562363483583267	-0.03495167258170825	-0.7537454714139716	0.6857836406020479	-0.44428512001580184	-0.5764646827127796
0.7049064766854898	-0.3729831503021851	0.6033161929846625	-0.6775622324167497	-0.10249787840707668	0.7282881339995034	-0.20980057275727235	-0.9221592891213024	-0.32497071430825075
0.9941317519800269	0.07300934963755963	0.07982289502782235	0.01762874417833141	0.6186932259951434	-0.7854348601166219	-0.1067299727528173	0.7822329109499441	0.6137755175493398
-0.3167247929541061	-0.7413804192841682	-0.5916421886835064	0.3775201461404847	0.473689571854264	-0.7956737577516246	0.870151679183719	-0.47536645171757247	0.1298568126637921
0.6661545379437593	-0.31991608755958023	0.6737149460250289	0.008745609543319486	-0.8999158431552682	-0.435975904783577	0.7457624594270299	0.29631937526714963	-0.5966851614969438
0.6660841517261736	0.6740452558783909	0.3193663974920627	-0.4810139469838585	0.06094616585785244	0.8745919892579838	0.5700504237576124	-0.7361715546630837	0.36482044416219994
0.766548495417984	0.4824840924279367	-0.4238071551146999	0.5996095977707059	-0.30143903268387534	0.7413520350251033	0.22993854490641064	-0.8224011248342258	-0.5203697295555563
-0.9953336810159792	0.09174571861453844	0.029892918075737133	0.04627525322756773	0.18200583412988666	0.9822079603024039	-0.08467268965791319	-0.9790079670046542	0.1854020932123168
-0.6152513939488767	0.3154399514330528	0.7224703172337791	0.7603484134858888	-0.004560700467222262	0.6494994150272501	-0.20817303464535433	-0.9489345799638464	0.23703828930234574
-0.7913913273887302	0.2917785546211165	-0.5371825034353929	-0.42422415234773014	-0.8948357036766748	0.1389349919578224	-0.4401518323246577	0.3378377398821548	0.831944725334901
0.48392446356182117	-0.09284230091511766	-0.8701709146640045	0.8451070985442835	0.307717901082246	0.4371540750623284	-0.22718077726001906	0.9469371681977234	-0.22737390775814578
-0.6487892302727595	-0.5820164236835353	0.49023404333512766	0.1255992435010946	-0.7172902159890655	-0.6853609093596691	0.7505313882270568	-0.3830817518611233	0.5384709896335919
0.4631026114994084	-0.0843449039996937	-0.8822822158423634	-0.37922724432057114	-0.9185929513882602	-0.11123707486639128	-0.8010759442071981	0.3860996332931278	-0.4573886802091393
0.8533461050408517	0.37855725311994576	0.35846175684707143	0.45876568379028576	-0.2186307023430808	-0.8612401891280984	0.24765797461022565	-0.8993859138897232	0.36023673536815803
0.8142011351664633	0.5323699363093669	-0.23164361076361079	-0.5707349807006694	0.6607493801586747	-0.48751598786556094	0.10648048318001359	-0.5291431824505423	-0.841825040710873
0.3104960537367233	0.3952631832224161	-0.8644994023148915	-0.3744693235332951	0.8867688532460067	0.27094967548472637	0.8737075748478083	0.23959970138054204	0.42335216634843964
0.11083953356203208	-0.05630488039287311	-0.9922420865109963	-0.004693235707329073	-0.9984123958661857	0.05613075199334755	0.9938272341500541	0.0015646803787006337	0.11092781633551564
-0.06243389255835851	0.7795969534523102	-0.6231617761287096	-0.9956505773689193	-0.005389979269503238	0.09301008498228493	0.06915154983764923	0.6262583638494187	0.7765426742064471
-0.6139948991329418	-0.7778160959387489	-0.13421022590448128	-0.328247228554563	0.09698727352940908	0.9395995028306369	0.7178189331474737	-0.6209634366626869	0.314865669044893
0.6576059639626234	-0.017802915047403212	-0.7531516795285021	-0.1839512647787309	-0.9732551642789471	-0.1376092925302099	-0.7305589150418288	0.22903589548403672	-0.6432932692269766
0.8835651046073404	-0.258628936905189	-0.3904148804995932	0.03399651564378694	-0.79604788820397	0.60427807887601	0.4670727382799189	0.547191769566476	0.6945676529139598
0.23419073160001305	0.9567026105301738	-0.17284332858806417	-0.9714558048420543	0.22337427081649666	-0.07985959163353562	0.03779312730282217	-0.18661203107503352	-0.981706488410219
-0.4219961249720202	-0.763860877891011	0.4882989143303241	0.09319506704304935	0.4992027473246137	0.8614588188314051	-0.9017948491688342	0.4090393334278892	-0.13947355921975818
0.6572409291675538	0.6806761244523436	-0.3235960052712459	-0.2210743639956572	0.5845801279734648	0.7806357662587867	-0.7205279221590835	0.44152699530047435	-0.5346900277824982
-0.6750935735510172	0.4271263803849851	0.6015078737051898	0.4200547286208141	0.8928231421421507	-0.16254495322436574	0.6064673873452815	-0.14293317331759645	0.7821556213771976
-0.6328900672513308	0.6378328779361291	0.4388842473800139	0.3572101772085768	0.7434708527665165	-0.5653777324809017	0.6869141518947061	0.2010480313515752	0.698375713363826
0.8323097513071944	-0.3451082660500387	0.43377501378351907	-0.43245215762403444	0.08527461962325726	0.8976153801124546	-0.34676448671291826	-0.9346809744249878	-0.07826791681577969
-0.4422214910655036	0.04844822409931966	-0.8955964059895645	0.7732817686005174	0.5264811856564429	-0.353345252550309	0.4543957077150469	-0.8488052372195922	-0.2702854233560026
0.56788695889429	-0.28840166568307446	-0.770927286551088	-0.8087250643458329	-0.36981823250770224	-0.45738194674003857	-0.15319325121108787	0.8832094622093377	-0.4432526070394503
0.08291018839404293	-0.08672890417696782	-0.9927759051471418	0.875493747025026	-0.46955688098921816	0.11413603478199554	0.47606365076588664	0.8786321372997574	-0.036999563828732714
0.10008105448936881	-0.8309030769815986	0.5473425428329206	-0.39809402006469113	-0.5375938781596392	-0.7433128368015801	0.9118689235416619	-0.14350226070620148	-0.38458050841297203
-0.6163726892494208	0.4343815913321567	0.6568084508128531	0.7183806616984956	-0.031428977280833964	0.69493988537478	-0.3225119111677405	-0.9001804555192388	0.29267937176389364
-0.9571868526525545	-0.23116101668849195	0.1742352245461282	0.014655765574959624	0.5624376586951086	0.8267097970974921	0.289099528959334	-0.7938692993466289	0.5349700906689868
-0.5632310514951918	0.7308121381918988	0.38559616349622233	-0.7639633770538183	-0.2827516003539268	-0.5800099059652505	-0.31485034723205557	-0.6212609364580056	0.7175681902642953
-0.7420695104069998	-0.25069445348306857	-0.6216792844523141	0.5593753672195352	0.2794492969827932	-0.7803891907015582	0.3693670806559864	-0.926855102704111	-0.0671385010186094
-0.8158812354454099	-0.05607215656656269	0.5754943291693206	0.4606236501141732	-0.6646541800734417	0.5882692188670053	0.34951918774734997	0.7450441155856986	0.5681070350097392
0.17767892603101001	-0.5721318516142018	-0.800684297094037	-0.8742060042232914	-0.46537169391363514	0.13853897893336956	-0.4518783701665898	0.6753475630165989	-0.582847842668331
-0.5931358566429135	0.7165751126756871	0.367028559458666	-0.7906169202356451	-0.43232973829488414	-0.4336079828865938	0.15203532813652493	0.5473674316943815	-0.8229666783769047
0.7720448911934304	-0.4429127046183655	0.4558234549359747	-0.512036709223067	-0.8583199166621736	0.03324648957487319	-0.3765170572366365	0.25906612427850195	0.8894490704144783
0.19552066428624357	0.721343023862078	-0.6644064356721566	0.9440497998867267	0.04503960048037795	0.3267130388007177	0.265596771762944	-0.6911119130170463	-0.6721775647215705
0.7205978370729078	-0.6078144439258436	0.3336170843361664	-0.295744997483257	0.16575137045484525	0.940777008464795	0.6271153431941173	0.776587461235023	0.06031800214750411
0.9595317392692851	0.2809999249382958	-0.01838160818679462	-0.14345249162402335	0.4315899095779078	-0.8905905527218404	0.24232256185035725	-0.8571867895244335	-0.4544343559669254
0.21116074409411886	0.9687397969729953	0.13020885497667936	0.472458848278467	-0.21777391856752976	0.8540240963082524	-0.855683222248165	0.11881803799281816	0.5036749914483891
0.9439678729430565	-0.279479292372512	-0.17554480905547049	-0.06190664535948214	-0.6723929761017383	0.7376010120311539	0.32417930549573476	0.6854042681687992	0.6520189928708334
0.583827281325697	0.22032120662192534	0.7814117170176708	-0.17094871066848413	0.9742566679940982	-0.14697102840294993	-0.7936764100693863	-0.04777562957928114	0.6064612479933693
0.050718887053955955	0.9783106506020423	-0.20083790831069923	0.913640578876061	-0.12666690212682724	-0.3862853718905354	-0.40334660916762954	-0.16390169866173304	-0.9002487134391106
-0.26518941387062045	0.959120733994867	-0.09880279546705328	0.9279983307365793	0.2260760598884697	-0.29615656888785585	-0.26171295902396396	-0.17022641618283763	-0.950015417934082
0.9537747846720259	-0.29490507270611077	-0.05783302011856475	-0.2847963329642028	-0.9484068413796907	0.13933955631600486	0.09594117392430472	0.11642792326758096	0.9885544141976327
-0.34153424636324103	0.3470531418589261	0.8734463207816159	0.7946784785748588	-0.3895765055836141	0.46552793899744416	-0.5018370993171397	-0.8531027271220674	0.14274194452175137
-0.2522356229758556	0.9566300966827525	0.145725936685031	-0.6791905097907555	-0.06775391816896623	-0.7308280632152319	0.6892586175828025	0.28331654504017356	-0.6668240348055426
0.8711376205044944	-0.1066854709162113	0.4793093535882163	-0.46263489662833224	0.1488510777522862	0.8739635627837554	-0.16458492811755238	-0.9830877717413483	0.08031335187358972
-0.9846547664099197	-0.17285699984034988	0.023988509591464237	0.1447982562146898	-0.7325111544682212	0.6651773249118005	-0.09740870589126799	0.6584435178402375	0.7462999918469525
0.362689314031376	-0.2822851025361933	0.8881281339838194	0.12591741245740906	0.9591238304244202	0.25342904954250783	-0.9233641030100102	0.019914788427673878	0.3834085738144105
-0.6032259830397428	0.7541458260353636	-0.25958136770418444	0.009168189946742485	-0.3188870414967602	-0.9477483838332535	-0.79751762217448	-0.5740863417978891	0.18544679690488322
-0.8366438132432538	-0.02832410918808595	-0.5470145104112768	-0.14717709990327968	-0.9503120141176297	0.27431000180043397	-0.5276040475828893	0.31000777516442307	0.7909040070146043
0.47123956055352606	0.7502210174185271	-0.463790579456752	0.40933735058737564	0.2797529228050798	0.8684360860743426	-0.7812657742301449	0.5990882465927079	0.17526283921883498
-0.813119296944223	-0.25375905617710115	-0.5238734106108454	-0.29683481665729833	0.9549270854864517	-0.0018311265328844922	0.5007255740991873	0.15401494347126884	-0.8517941632991982
0.48841288450501397	-0.8715477152894198	0.043097960778727185	-0.2714516127960614	-0.10481059284525283	0.9567281544607349	-0.8293171143536766	-0.47897736856893286	-0.28777387692226597
-0.038160907702387156	-0.188816680310797	0.9812706081197685	0.9117705991446948	0.3952701682708842	0.11151622577199753	-0.40892312194183167	0.8989492506874441	0.15707362932659547
0.9931594222249974	0.018513529286242166	0.11528925049230183	-0.11623933765954253	0.06306213609241207	0.9912172231009371	0.011080542684369109	-0.9978378707108834	0.06478275502778746
0.3778425051156006	-0.5547313140921635	-0.7412882101406637	0.3293137546943712	0.8288039567612129	-0.45236760740138443	-0.8653250789715174	0.07319269377840239	-0.4958380151626115
0.05974656514906025	0.5983148099696317	0.7990304976181399	-0.9981868143978033	0.041671854748408205	0.043434319197990304	-0.00730968639918556	-0.8001767584058106	0.5997197043552218
0.05849056070255418	-0.4890971450723593	-0.8702659576191454	0.1207650141105869	-0.8618895115293879	0.4925061230913817	0.9909564398476709	0.1339046399408956	-0.008653422833106796
0.869843300106798	0.44924331205060486	-0.20384572557970942	0.4812528951451283	-0.6818608755844668	0.5508733041831093	0.10848172276354871	-0.5772747984495661	-0.8093117587810431
-0.8251033306972367	-0.16578465082822857	-0.5401110471209495	0.40014705444336063	-0.8463631528521027	-0.35149928636421174	-0.3988569022752752	-0.5061470764945801	0.7646752960985213
-0.0387708229414721	0.36074260070071074	0.9318592164743174	-0.5375765339927545	-0.7936382715148813	0.28486797659127716	-0.8423231525897753	0.4899010818793516	-0.2246967658526997
0.3831487845963841	-0.8766952116005661	-0.29086511447568325	-0.7352451101864749	-0.09885724887145789	-0.6705534074870136	-0.5591168364565604	-0.47077887622768855	0.6824629022068545
0.4080270820919541	-0.231530341267348	-0.8831237746500494	-0.8864802780020239	0.13084757357900234	-0.4438824497566242	-0.2183268581576263	-0.9639878700279964	0.15185772764632957
-0.9593838748381086	0.23550825649005208	-0.15530113272488436	-0.23691592822794444	-0.9714822217329985	-0.009650689540578666	0.15314510652485044	-0.027534596088067218	-0.9878200354142244
-0.4810690058024039	-0.7262996383064656	0.4909800882440996	0.17465167609302057	-0.6282153000950641	-0.7581835719430797	-0.8591096575491312	0.27898812183024163	-0.4290643590225702
0.9480694126115456	0.259006668922504	0.1846075142676135	0.19133420757143932	-0.9280738200860232	0.31948428049584077	0.25407796024725976	-0.26757154169418707	-0.9294352372231149
-0.808829448593156	-0.394328272387399	0.43623403888791273	0.3524898128799725	-0.9189091834814941	-0.17707863882810929	-0.4706865782071266	-0.010541636938508753	-0.8822375071296409
0.1298097496339641	-0.1771903282539496	-0.9755782984841479	0.2312335946550086	0.9621839557007223	-0.14398979163480133	-0.9641993847762458	0.20689519802394624	-0.16587321493158969
-0.3463767458554651	-0.6422989558705785	-0.6837215816530462	0.8841985222604464	0.019954460022969907	-0.4666848966461574	-0.31339451680433333	0.7661944079753887	-0.5610080267021339
0.3932645730457171	0.25434504738923114	-0.8835448898928336	0.23701878829941211	0.9004499007670738	0.36470819870362875	-0.8883496325097728	0.3528435532599921	-0.29383049083206947
0.33751336501179674	-0.2027943697429179	0.9192166077911053	-0.6741440056437041	-0.733613332376811	0.0856816095416757	-0.6569738108121778	0.6486030543865512	0.3843169131684962
0.2679668909783539	0.9223187320988753	-0.2784275520829759	-0.17630428976547033	-0.23717187989241523	-0.9553356984843553	-0.9471591960962467	0.30508630878461435	0.09905453771781922
0.2853003642321808	0.12381496421554876	0.9504070479564466	0.8349642011032818	-0.5189725249820196	-0.18303633844060918	-0.4705725077444955	-0.8457761955447136	0.2514441130847319
-0.33731129713251773	0.8864714085528068	0.31684306942898594	-0.3728134892736108	-0.4348403477333372	0.8197096889745698	0.864425353077068	0.15837396819412353	0.47716506070335146
0.561424853040272	-0.7980243030611454	-0.21899622396854831	-0.07597473268300958	0.21381511910312828	-0.9739152606036422	0.8240327507948058	0.5634184116326769	0.0594114387206465
-0.1908862105865986	-0.326474929843513	0.9257302926833291	-0.7076784363023954	-0.607781143688905	-0.36026838907792524	0.6802600130835896	-0.7238896335491205	-0.11502222845882747
-0.04752153088772687	-0.9977007126659305	0.04832175543149516	-0.00413094115890935	0.048572297313153476	0.9988111269198319	0.9988616718180894	-0.04726541949054336	0.006429672865279759
0.8774664828394921	0.19929020914037746	0.43627512424395204	-0.11989242118249298	0.9718517252199955	-0.20280540310829556	0.46441186336730356	-0.12564886281898116	-0.8766607008620872
-0.38862093968072203	-0.9131025123761598	-0.1233595036226145	-0.32926550943187866	0.01258255202353516	0.944153538193413	0.8605567904213167	-0.4075358650191664	0.30554300709203225
-0.2676785063962954	-0.941248812998336	0.20590990564485234	-0.53916873876964	-0.030785781599543774	-0.841634901120944	-0.7985269490424253	0.3363077573897586	0.499251243335925
-0.88082007568146	0.1746676918038866	-0.44005362368285245	0.02476263243538747	-0.9111912590942883	-0.41123874013161194	-0.4728031369517094	-0.37312422434099346	0.7982703219452387
0.3337974555947527	-0.9356263616817472	-0.11481537338111764	-0.8541887512546493	-0.24870887209313605	-0.45662399649184343	0.39867384648167226	0.25049392860573777	-0.8822199022143921
0.13600781424889555	-0.6615850596453905	0.7374327652859229	-0.9055644365352186	0.21887666017638427	0.36338142345569047	-0.40181454148137813	-0.7172155997216156	-0.5693389656172086
0.21375105322162213	-0.4107238859251613	-0.8863500306183683	0.9320802957010278	-0.1858914037906964	0.310919134764345	-0.29246676668047594	-0.892608691156018	0.34309315769949233
0.19308108959877807	-0.4235997068760181	0.8850327571191363	0.1827519095836322	0.9017478002061863	0.39173032096946475	-0.9640131909797109	0.08610570920592579	0.25152410313777085
0.021422285946688317	0.4216432310069332	0.9065087266049083	-0.8341381968886223	-0.49230412708821586	0.24869683340024182	-0.5511393237251504	0.7614812093531552	-0.34116244465919754
0.2597909964541603	-0.9140241187458154	-0.31155825861673186	-0.9101721110571585	-0.12397156831666122	-0.395243948091382	-0.3226381354011181	-0.3862524570796195	0.8641259589810081
0.9421636453064132	-0.2269546603428042	-0.24661558671668274	-0.1545881890620673	0.35860481391791854	-0.9206003906350494	0.29737208555182487	0.9054800768562373	0.30277990876374344
0.5885375408882044	0.43791494460474417	-0.6795984581038196	0.6663031995102371	-0.7388159546082879	0.1009506391196481	0.45789039003639986	0.5122318679153691	0.7266050537976223
-0.16314641430519647	0.9547196952548237	0.2487841453788686	0.9808116027971275	0.12966829858269774	0.14558410682900247	0.10673259726010251	0.26776190138853806	-0.9575550724876913
-0.057102205262508185	0.2994860973920857	0.9523903693460033	-0.9163698843282296	-0.3943313945758612	0.06905784783877592	0.39623928786836043	-0.86879849719064	0.2969572326596204
0.8157124680533413	0.4674848370333869	-0.3406920847425051	0.5158074643660769	-0.8544149590226819	0.06259183255431142	-0.2618316809833463	-0.226788458573483	-0.9380891033858664
0.4658792617314463	-0.8712992575357337	0.15425341910713608	-0.557229063180679	-0.4243108002373905	-0.7137619462738878	-0.6873516455464012	-0.24657240036059302	0.6831908713859327
0.4503714463055612	0.296775562878553	0.8420747149931264	-0.3362398081218713	0.9300811371551851	-0.1479590137243584	-0.8271084280714374	-0.21650252558858457	0.5186697452396468
0.5753369513542193	-0.2994659111794286	-0.7611225659825804	-0.22230070583680206	-0.9527856374252426	0.2068379203643125	0.7871275554768062	-0.05019658511939527	0.6147442673595737
-0.1676211174148394	0.07790510826739523	0.982768515522575	-0.9752841545430778	0.13246366133243323	-0.1768451195922588	-0.14395825399675594	-0.9881215373284058	0.053775910721750204
0.5408159467936718	0.810005253092826	-0.2267368555301301	-0.6556068625239682	0.2370455288499725	-0.7169303027935949	-0.5269703535353228	0.5363775789630507	0.6592430047263249
-0.009298569832865889	0.8593278054958478	-0.5113406489814338	0.7512892681636147	0.34347044320440423	0.5635534492726938	-0.6599075481772002	0.37892450085295465	0.648797542005282
-0.14355131536089843	0.98283038063624	0.11592007055113307	-0.03145797477078805	0.11254235911048524	-0.9931488374000984	-0.9891427680984564	-0.14621443261275666	0.014762249633890109
-0.7041205015939781	-0.543366471352571	0.4571293001382656	0.5280167828398735	0.029783677700363543	0.8487114996169608	-0.47477636448592775	0.8389671092197217	0.26593531802494547
-0.11622289267486297	-0.9931624621124819	-0.010980121536688106	-0.3625685160147497	0.052715826953461054	-0.9304649981506423	-0.9246817346596339	0.10416028724656007	0.3662162259479564
-0.545736179113017	-0.6743838268226413	0.49737156827383594	-0.5593813747516345	-0.14874293771463357	-0.8154557106679626	-0.623910650965422	0.7232440753992185	0.29606334965988773
0.8702464428791855	0.0991217599706264	-0.4825411955019489	-0.36417859515637696	0.7890834671969716	-0.4946930691108715	-0.3317304319565093	-0.6062360583937014	-0.7227951037584693
-0.2886827517263816	0.5784930152731825	-0.7628945537463392	-0.8174185197523431	0.2659466942487232	0.5109787856497221	-0.4984869430803306	-0.7711148987656233	-0.39609668072341825
-0.5693468361132125	0.6556429377609407	0.4959601983749078	0.808216198445641	0.3360060185956529	0.4836181676049548	0.15043522452521263	0.6761895397236642	-0.7212052062973117
-0.0944065614349326	-0.992666911256899	0.07549704930472427	0.7579814899109075	-0.12083705214928386	-0.6409855441274102	-0.6454079811332311	0.0032878752346959146	-0.7638309549671105
0.9321769051568701	0.17724003989156686	0.3156456648702711	0.1711562880066255	0.5525386789791109	-0.8157245449953141	0.31898548958840245	-0.8144243221388068	-0.4847280484362262
-0.017356862680277228	-0.42826755063702676	0.9034852762437582	0.994743933985115	-0.09859658006324852	-0.027626440227590802	-0.10091206626422443	-0.898256989658969	-0.42772787541974816
0.3153705640427247	-0.587093943766221	-0.7455616061254757	-0.37304782622185756	-0.7991021559129239	0.47145632222557377	0.8725690383497002	-0.12944669021779776	0.4710274171480223
0.8310196604962891	0.27991153361342835	0.48068269910494116	-0.12208777185927841	0.9348731484090356	-0.3333268251224529	0.5426793711125102	-0.21831566534254043	-0.8110717418545506
-0.07144426061973354	-0.9130337626297793	-0.4015782189345027	0.9384888073895944	-0.19789706625113235	0.28297616432069284	0.33783794344175794	0.3566596409285788	-0.8710105765739823
-0.38781720470543846	0.9197934978188907	-0.0598141881542369	0.7713015716892199	0.35936856533191164	0.5253076429684067	0.5046698933403888	0.15758856437373228	-0.848807482963261
-0.8820141508058379	-0.28908938482727986	0.3721268135440412	-0.22929961851648628	0.9532075071759939	0.19702064158742694	-0.4116706483664467	0.08844645749555147	-0.9070305956416449
-0.883972642355983	0.2433953741853689	0.39918800005930216	-0.4673461422163192	-0.4354994289341735	-0.7693684622815864	0.01341457870024769	0.8666596443951762	-0.49871947009829265
0.4153591842183177	0.6029755369116756	0.6811000293433925	-0.04838407990892003	0.7623278527255755	-0.6453799080930401	-0.9083698194550835	0.23511007389069957	0.3458142915760553
0.7107975545887653	0.6787571982520023	-0.18454132927808709	-0.14766254166243162	0.40050055017618535	0.90432023260478	0.6877227713115379	-0.615538768177655	0.38490182474224927
-0.22296054200514545	-0.41580906228958964	-0.8816980324502397	-0.19813566605789257	0.9049161924474295	-0.3766549382156591	0.9544793630794576	0.09071663774798369	-0.284147210246967
0.4144362676900479	-0.909613538043186	0.029082493560567996	-0.2704265544190019	-0.15359801449193727	-0.9504089270462485	-0.8689718399857441	-0.386019249976853	0.30964024279653685
-0.8954973029221897	0.3315903083798433	-0.29687109634931574	0.31912261289314425	0.9433309120839825	0.0910359722695054	0.310234328209076	-0.013215812323204686	-0.9505682531545545
0.8860932421206751	-0.3371163869267924	-0.3181058124798974	0.0857652058137054	-0.5552010316971642	0.8272823846028254	0.45550312374318935	0.7603317407999154	0.4630470258973348
-0.2626631227317228	0.2888775485268105	0.9206290490278699	-0.6664826121800007	0.6356201709622632	-0.3895996995989939	0.6977169996628596	0.7159167271568975	-0.02557788416608402
-0.08582472532600273	0.7221190499032917	-0.6864242087000455	0.9346402481144744	-0.18027570956652952	-0.30650982878987426	-0.3450821976388088	-0.6678658145968033	-0.6594494147133034
0.3460242380977658	0.05408068556157597	-0.9366656319616146	0.7107739006487067	0.6365556826845035	0.2993281226324856	0.6124277008802615	-0.7693322704080829	0.18182455528135089
-0.1486575702648445	0.8720962360009644	-0.46620712345040705	0.14751841993114387	0.4857273464278969	0.8615725510443867	0.9778237277669076	0.059305143833094445	-0.20085730589392178
-0.6774325750683611	0.5033522256215366	-0.536396908266719	-0.689580922393636	-0.6884026594237332	0.22489982207434847	0.2560532321744668	-0.5222435403719009	-0.8134484782903164
0.28000371542357005	0.9436480589222817	-0.17642635925849162	-0.3475526626920541	-0.07166663704023292	-0.9349176647122499	-0.8948771234111752	0.3230978706639112	0.30790047087944966
0.3155492017903914	0.9190462259971511	-0.23618369065166311	-0.7729714413093699	0.3933252450884639	0.4978055870480117	0.5504033540682346	0.025481092136985087	0.8345099530706295
-0.4146659678111261	0.9031721023773824	0.11105083802692021	-0.17321787435185335	0.04146233101420737	-0.9840103877052793	0.8933351572306375	0.42727160986202606	-0.1392525341299931
0.9460403174310789	0.20042013241442103	0.2546359917959153	-0.06276352523310252	-0.6575868427547059	0.7507598045554992	0.3179126573372272	-0.7262308963125182	-0.6095245914201488
-0.6966772797789528	-0.6557553379504601	-0.29090497518825054	0.45662770230716254	-0.7181041223991447	0.5251834068961393	-0.5532918843842554	0.23304807689151225	0.7997228798350636
-0.33102188326836235	-0.6856658639377934	-0.6482953307157981	-0.8134348433464295	-0.14087515267179254	0.5643385039049428	0.4782763515243427	-0.7141544051464911	0.5111117462770984
0.6762769182644304	0.12800105497726347	0.7254414240636335	-0.7314521903864929	-0.00007028239361686926	0.6818927248762717	0.08733397392519568	-0.9917740291947016	0.09357912167433781
0.19016802396799856	0.7586699657964926	0.623101922367806	0.872692782889414	-0.42136387633945693	0.2466977713902525	-0.44971483114617994	-0.49686252295231087	0.7422157394805282
0.508203043841011	-0.2896076020326959	-0.8110839063103171	0.8568970916380807	0.26446039841754576	0.4424794594227303	-0.08635415782074532	0.919884848507521	-0.38256349134929907
0.714727150436992	-0.6948183752193096	-0.079953273140105	-0.219020423837796	-0.11378526080238054	-0.9690629331297563	0.6642252286462249	0.7101269885603089	-0.23350483024583735
0.5239793819075558	0.40267065175125083	-0.7505344452814932	0.31448169670352344	0.7274570839415136	0.6098421545463898	0.7915471367987184	-0.5555740609869511	0.25453996343250024
0.780058557720205	-0.6185318454788631	-0.09448281672338935	-0.6067018503906917	-0.7846262265299576	0.12757174206645683	-0.15304088100891358	-0.042190529386009396	-0.9873188177940011
0.4241068697294663	0.3821997462922637	-0.8210095717970667	0.16144747548493363	-0.923965955107408	-0.34672990419344774	0.8911049745724773	-0.014500611593478095	0.45356549312706745
0.1426046221197873	0.23104635018354516	-0.9624351956453667	-0.8989032746119048	0.4372369983054716	-0.028226055424298763	0.41429074892165674	0.8691613149350836	0.2700403376872595
-0.8870924904276164	-0.3962626412935653	0.23673367428816894	-0.36206189342801187	0.9154576463103503	0.17563736259474164	0.2863181774778761	-0.07009434304536294	0.9555672055479858
0.3817701535800903	0.26731393465395464	0.8847569215187048	0.8396378747406791	0.29983115249945563	-0.45289018458319896	-0.3863415446679143	0.9157753765693143	-0.10998031884360257
0.071662149073576	-0.5665063524896565	0.8209354962352533	-0.8834824651858888	0.3459624759219772	0.31586183524288	-0.46295061302391793	-0.7479174538963511	-0.47570601431764364
0.029147824202983192	-0.16977519708259037	0.9850516670712252	-0.9963070673974921	0.07468869492862525	0.042353586668285904	0.08076281197457927	0.9826484525533159	0.166971215772457
-0.5219389528855477	-0.02326008532633922	0.852665642494964	0.7889155502150139	-0.39325646127662495	0.4721881090128473	0.3243331375140076	0.9191345516815249	0.22360610862747454
-0.5653055189999702	0.8033211591430879	0.1873627109677379	-0.19814844687063796	-0.3527334343032032	0.9145033172861768	-0.8007289573825392	-0.4798481422259271	-0.35857899716993763
-0.9908993594428837	0.05666353188681458	-0.12209710729495128	0.07855372340570459	0.9800255459054996	-0.1826998683954848	0.10930586441167262	-0.1906283649584693	-0.9755578170864492
0.11392460067882208	0.09209620788435417	0.9892115415084342	0.9849116361329316	0.12008941923512113	-0.12460979254345633	-0.1302699288789352	0.9884820786848355	-0.07702548765690503
-0.08462820337171027	0.2323279396128739	-0.968948809622734	-0.914196724373388	-0.4049038992983859	-0.01723895234433882	0.3963362415160191	-0.884350926277685	-0.2466597309103299
-0.6399485193030723	0.5692072002440874	0.5162064081664355	-0.5849034222512125	0.07484464301030615	-0.8076424122416306	0.4983511606092888	0.8187804605649472	-0.28503452092058545
-0.7416747057134868	0.07881549679688717	-0.6661131648372315	0.37984786766947115	-0.7691415718817242	-0.5139424479747385	0.5528419560161555	0.6341997791453184	-0.5405149505797786
0.0032360690907177435	0.4870742548044614	0.8733545661204954	0.9650648300686623	0.22729247136535627	-0.13033804596192392	-0.26199122432131966	0.8432655588646483	-0.4693226988025497
0.037071423525666905	0.7363633498337462	-0.6755699272313744	-0.9508303394983004	0.23400539711813242	0.20288701192814645	0.30748556884401473	0.6348310729172045	0.7088315271003848
-0.13005883725854162	-0.9892650122724891	0.06662908032134664	0.3898772703780571	-0.11281237711100431	-0.9139305671729773	0.9116361186863493	-0.09288758293806995	0.40036418926074246
0.3890718011673897	-0.430984321978334	-0.8141717556788857	-0.20010891358873922	-0.9022460129755182	0.38197978319816306	0.8992105183096436	-0.014305463245099948	0.4372822858093447
0.5034348275868374	0.7130506030927333	-0.48796742903773904	-0.13024943761802552	0.6209311494770826	0.77296804048373	-0.8541595040581119	0.3255815489829828	-0.40547280622631426
-0.7033835909860795	-0.17342959079843445	0.6893284420122351	-0.20445524110563534	0.9781583894602008	0.037472917061027546	0.680771311319715	0.11457897784547443	0.7234791493332217
-0.013492276097163337	0.6288792227635688	-0.7773859283920743	0.5994875498070912	0.6273197678251833	0.49707603696220204	-0.8002703518886655	0.45932649833429784	0.3854692358878256
-0.8691957731584794	0.16682291771516894	0.46547698337128457	0.02566450778065946	-0.9248796923929384	0.37939278806999005	-0.4938016210623551	-0.3417128454186963	-0.7996200912383635
0.39094444751450935	-0.8118700130580302	-0.43362370882451656	0.7389372559654234	0.5577322343891095	-0.3780297428372826	-0.5487569322604186	0.17263208456276452	-0.8179633198839964
-0.8753906229734637	0.4468217224224523	0.18450367362620249	-0.32869673356504886	-0.27029850640210323	-0.90492937557605	-0.3544710348587012	-0.8528124446841903	0.38348561855430285
0.5855148226599614	-0.37542602275710496	0.718489870410332	-0.7904496437761832	-0.06771867657541253	0.6087721589371343	-0.1798937272379972	-0.9243751848030413	-0.3364056548584829
-0.6508634245383043	0.3300065820194472	0.6837195758658027	-0.3616888472562484	0.6570299813271169	-0.6614323710007961	-0.6675012961550842	-0.6777958833315015	-0.3082770834333169
-0.2516442809340971	0.6051365255815941	0.7553045354558636	0.8471838077073818	0.5150505615565163	-0.13039369232727174	0.4679260110654069	-0.6070689453821155	0.6422713941326228
-0.834185437628999	0.012943077134457654	-0.5513321434507579	-0.3489038439115047	-0.7865997345471353	0.5094378915178502	-0.42708402376053817	0.6173275746025508	0.6606859331663117
0.8265490604256862	0.21788077026246297	-0.518984220048405	-0.2722267827876179	-0.6522865176168077	-0.7074000831696596	0.4926552845981848	-0.7259822786302528	0.4798338271446767
-0.05181404767184536	0.9683758875970329	-0.24405623283276057	0.9556399221701838	0.11903194205762577	0.26941368919294933	0.28994420776836505	-0.2192704656141564	-0.9315861845749573
0.42919883878619286	-0.9027563934106435	0.02862255999716037	0.8718339623976464	0.4223611686954388	0.24802537206552588	0.2359955482516631	0.08149808178374846	-0.9683306066994716
-0.4985128289630772	-0.3265603776706062	0.8030213441091468	0.6958354103678558	-0.7032040410489009	0.14600396683204736	-0.5170087436759921	-0.6315555370576106	-0.5777885102478636
0.5992112270507423	0.5687409974839257	0.5634532661697268	0.7246692688114135	-0.08616066627961515	-0.6836891036330651	-0.34029451393855153	0.8179914531138098	-0.46377756135466813
-0.18785958010188383	0.08399532732788427	0.9785977534978433	-0.8968825662995819	-0.42082219544101396	-0.1360527180620858	-0.40038786249313324	0.9032460710190146	-0.15438942566410796
0.6788408517605097	0.07550643761014406	0.7303929598924753	0.6549167767957562	0.38755519483513684	-0.6487564923973838	-0.33205287749471957	0.9187490129712926	0.21363786581912914
0.3484257968216158	-0.48505841673225325	0.8020709422902828	0.6153062301136027	0.7638742186593894	0.19466489475735935	0.7071051599957452	-0.4256929767152699	-0.5646129490922824
-0.07408838220643382	-0.9632630826799722	0.2581378414101863	-0.6924562720182524	-0.13658295265378312	-0.708413303366727	-0.717645610984013	0.23123436290969288	0.6568983532062864
0.12464745513384343	0.6603301167083911	-0.7405586735003101	0.6894823725170538	-0.5943708970123224	-0.41392909389534577	-0.7134963699395471	-0.4590069430331635	-0.5293727952307703
0.5115621689283135	0.7583321524149907	-0.4040253629848091	-0.3666964620430384	-0.23256264600202317	-0.9008042630947394	0.7770700432049084	-0.6089720537907999	-0.15910746574355666
0.3991607851634221	-0.6927363193205709	0.6006555248076125	0.906167800692535	0.1982043728170318	-0.3735973013610527	-0.13975186787937582	-0.693420088034948	-0.7068507600150334
0.9564523241962141	-0.26806092428403666	0.11550884127047721	-0.257777001309314	-0.5900790093307859	0.7650867796159966	-0.13693052667553088	-0.7615445513029336	-0.6334823811639716
0.8442675953311936	0.5214041471565426	0.1238948860996385	0.4647259609432988	-0.5971385303105214	-0.6538007011650554	0.26691198680278766	-0.6095599157970847	0.7464547543920124
-0.586659015195391	0.8014105473996914	0.11650036225909687	0.6472571307465301	0.5504666766118087	-0.5272993880498248	0.4867128584573693	0.23393924949968817	0.8416549298588939
0.8315685457282995	0.55157149130771	-0.06528892503258221	-0.3578536133618777	0.6219565127725311	0.6964990219832905	-0.424775876385617	0.5558228010764055	-0.7145813240243616
0.7032890189297702	0.6885801259348293	-0.1767539703100779	-0.09654172190239697	-0.1538209114407522	-0.9833711522795738	-0.7043182886912149	0.7086582655773592	-0.04170384687253191
-0.4491884386450961	-0.610997868196149	0.6518522467916654	0.88053434542725	-0.4262994827829817	0.20719077561987814	-0.15129115344455935	-0.6670459924463409	-0.7294934069960407
0.9463409793169834	-0.05216845419889941	0.31893134567155723	0.22152547264633562	-0.6138280021582443	-0.7577213529624436	0.23529814243676175	0.7877141843034922	-0.5693339512209804
0.59670207039889	-0.019783404399025636	-0.802218957699245	-0.7356009146211318	-0.41298769254637674	-0.5369659767748547	0.32068354119011583	-0.9105217090852936	0.26098330156192623
-0.6574789796165212	0.45646559029085576	-0.5994668933667969	0.24852147761063784	-0.6197052710341362	-0.744447749824481	-0.7113075751941935	-0.6384391450505902	0.29400168628500817
0.8541246586641917	0.292213791305553	-0.43021177068115285	-0.4950760184672661	0.7102038613285055	-0.5005099512424106	0.15928215028802606	0.6404854217895328	0.7512706709799782
0.1885378932213011	0.18380431587448964	0.9647121002068877	0.27234751081561254	0.9340138855571833	-0.23118151945800663	-0.9435466581850698	0.3063234157753594	0.12603836231680893
-0.6639450185720346	0.3095793330248626	0.6806890985444545	0.13977668622301637	0.9456138054685993	-0.29372948251019404	0.7346015861008559	0.09987576017770877	0.6711075489271683
-0.7918290915535495	0.6094256909142015	0.04008761683149346	-0.5308257364227542	-0.7191936094848624	0.44831304869184446	-0.3020442472895672	-0.3337077753512547	-0.8929772636239937
0.5682198582865808	0.644302925996605	0.511859289454623	-0.23251776671244337	-0.47097017191049306	0.8509539266809093	0.789342562397237	-0.6025452984820429	-0.11780272690116372
-0.9783956955046154	0.14351740382327582	-0.14881067776832005	-0.18810672953933752	-0.9166166750767992	0.3527459840638416	-0.08577716082999332	0.37311744233013316	0.9238103987880657
-0.06040561958240106	-0.3847692485697957	-0.9210340854050414	-0.44728057760492407	0.8353299518049774	-0.31963096926752865	-0.892351526036837	-0.39265315097746134	0.2225584350394277
0.16901398192934594	0.8483793794852335	-0.5016838669686692	-0.9600074742392604	0.25697184804548895	0.11113558708551452	0.22320377083988202	0.46283679388779875	0.8578823805782007
-0.8939496652541846	0.42728595321909874	-0.1352061765363454	0.40562785138378415	0.899687767323809	0.16133185522293628	-0.1905781786399113	-0.08937916708912606	0.9775946615631389
0.3193982500492332	-0.6866942469890372	0.6530204966290467	0.15265817243569257	-0.6428291318403572	-0.7506438500687043	0.9352434123018895	0.33944324770060164	-0.10048901102302736
0.9064653518832466	-0.05499490080775582	0.41868380279194845	0.3871433426695526	0.5041916152168694	-0.7719526199007616	-0.16864340503508407	0.8618389501700126	0.478323139632637
0.12078824637786124	0.4633607454562289	0.8778992078292412	-0.9500079989688176	0.3104603887106763	-0.033153415161625614	0.2879149204751717	0.8300067268473575	-0.4776963805137233
-0.6715299340494169	0.5665280505408625	-0.4775913688771561	0.671454459612975	0.7378377919700543	-0.06887888941179743	-0.31336313813439126	0.36693509056933327	0.8758779498123249
0.4180243237345074	-0.8715604403802613	0.2561992652809005	-0.6789210833799232	-0.11234597952548886	0.7255649822219165	-0.6035907780181364	-0.47724289376440576	-0.638684110529483
-0.5400326509533774	0.6421324648807529	0.5440869723219224	0.1893089598006578	-0.5372179617274333	0.8219239498497505	-0.8200773461347781	-0.5468663082907839	-0.16855381103062803
0.7595125367245337	-0.08009238006281029	0.6455431180131487	-0.5876042404283844	0.34122486106299826	0.7336803464882502	-0.2790375659097627	-0.9365632946301131	0.2121019376685253
-0.9965409379952976	-0.08215354966232002	0.012528095518997574	-0.07226305840141298	0.9310926023326277	0.3575536550951892	0.04103911901986185	-0.35541153633405914	0.933808562046171
0.7406664191456859	0.5529871301004767	0.38159990761679374	-0.18221353683912567	-0.3813513334749585	0.9062943161299466	0.6466927265266587	-0.7407944346443954	-0.18169238579920424
0.6201404213701853	0.7356362606474334	-0.2725163294253587	0.6601796346659788	-0.6770258317559145	-0.325267387094844	-0.4237790789492845	0.02180172369042892	-0.9055031623848823
0.6990851023191723	-0.09753819193705585	0.708354657519129	-0.7068953603813884	0.054806593155893445	0.705191595821952	0.10760561875041341	0.9937215598246294	0.030634822556141104
-0.6928356064315279	-0.07003869992659136	0.7176861451729787	-0.6145863956597969	-0.46323351043664496	-0.6385125504470858	0.3771768613403485	-0.883464371279983	0.27789983797819656
0.5730055167476044	0.2573756195585521	-0.7780889847785165	0.5161342910620371	-0.850805711009168	0.0986662845356626	0.6366082558109809	0.45813473189776327	0.6203567490261271
-0.02990986581859731	-0.7917483740394438	0.6101146712976264	0.27928410084183597	0.579457651125852	0.765656072638804	0.9597425649327431	-0.19329599777959072	-0.2037912321438579
0.7987213199023091	0.5006762940781766	-0.3337176975853343	-0.5464064678058077	0.37129338206389273	-0.7507204515500672	-0.25196076097974884	0.7819619383216164	0.5701327055544231
